--------------------------------------------------
Configurazione: mixvpr_ResNet50_tokyo_xs_L2
Tau_Adaptive: 70
AUC: 0.5344
COV: [0.41904761904761906, 0.41904761904761906, 0.41904761904761906, 0.41904761904761906, 0.41904761904761906, 0.41904761904761906, 0.41904761904761906, 0.41904761904761906, 0.41904761904761906, 0.41904761904761906, 0.41904761904761906, 0.4222222222222222, 0.4222222222222222, 0.4222222222222222, 0.4222222222222222, 0.4222222222222222, 0.4222222222222222, 0.4222222222222222, 0.4222222222222222, 0.4253968253968254, 0.42857142857142855, 0.43174603174603177, 0.43492063492063493, 0.43492063492063493, 0.44126984126984126, 0.4444444444444444, 0.44761904761904764, 0.45396825396825397, 0.45714285714285713, 0.4666666666666667, 0.4666666666666667, 0.46984126984126984, 0.473015873015873, 0.47619047619047616, 0.47619047619047616, 0.4888888888888889, 0.4888888888888889, 0.4888888888888889, 0.4888888888888889, 0.49523809523809526, 0.4984126984126984, 0.5079365079365079, 0.5142857142857142, 0.5174603174603175, 0.5206349206349207, 0.5238095238095238, 0.5301587301587302, 0.5333333333333333, 0.5333333333333333, 0.546031746031746, 0.5492063492063493, 0.5555555555555556, 0.5587301587301587, 0.5650793650793651, 0.5746031746031746, 0.5841269841269842, 0.5904761904761905, 0.5936507936507937, 0.5968253968253968, 0.5968253968253968, 0.5968253968253968, 0.6, 0.6, 0.6126984126984127, 0.6190476190476191, 0.6285714285714286, 0.638095238095238, 0.653968253968254, 0.653968253968254, 0.6730158730158731, 0.6793650793650794, 0.6888888888888889, 0.6952380952380952, 0.7047619047619048, 0.7111111111111111, 0.7174603174603175, 0.7238095238095238, 0.7428571428571429, 0.746031746031746, 0.7619047619047619, 0.765079365079365, 0.7746031746031746, 0.7841269841269841, 0.8095238095238095, 0.8158730158730159, 0.8222222222222222, 0.8412698412698413, 0.8476190476190476, 0.8539682539682539, 0.8634920634920635, 0.8666666666666667, 0.8825396825396825, 0.8952380952380953, 0.9047619047619048, 0.9206349206349206, 0.9333333333333333, 0.9396825396825397, 0.9523809523809523, 0.9555555555555556, 0.9809523809523809, 0.9809523809523809]
SAF: [1.0, 1.0, 1.0, 1.0, 1.0, 1.0, 1.0, 1.0, 1.0, 1.0, 1.0, 1.0, 1.0, 1.0, 1.0, 1.0, 1.0, 1.0, 1.0, 1.0, 1.0, 1.0, 1.0, 1.0, 1.0, 1.0, 1.0, 1.0, 1.0, 1.0, 1.0, 1.0, 1.0, 1.0, 1.0, 1.0, 1.0, 1.0, 1.0, 1.0, 1.0, 1.0, 1.0, 1.0, 1.0, 1.0, 1.0, 1.0, 1.0, 0.9941860465116279, 0.9942196531791907, 0.9885714285714285, 0.9886363636363636, 0.9887640449438202, 0.988950276243094, 0.9891304347826086, 0.978494623655914, 0.9786096256684492, 0.973404255319149, 0.973404255319149, 0.973404255319149, 0.9735449735449735, 0.9735449735449735, 0.9740932642487047, 0.9743589743589743, 0.9696969696969697, 0.9701492537313433, 0.9660194174757282, 0.9660194174757282, 0.9622641509433962, 0.9626168224299065, 0.9539170506912442, 0.954337899543379, 0.954954954954955, 0.9508928571428571, 0.9513274336283186, 0.9473684210526315, 0.9401709401709402, 0.9404255319148936, 0.9333333333333333, 0.9336099585062241, 0.9262295081967213, 0.9230769230769231, 0.9215686274509803, 0.9182879377431906, 0.918918918918919, 0.9132075471698113, 0.9138576779026217, 0.9107806691449815, 0.9080882352941176, 0.9084249084249084, 0.8992805755395683, 0.8971631205673759, 0.8947368421052632, 0.896551724137931, 0.8979591836734694, 0.8986486486486487, 0.9, 0.9003322259136213, 0.9029126213592233, 0.9029126213592233]
Coverage @ 99% Safety: 58.41%
--------------------------------------------------
--------------------------------------------------
Configurazione: cosplace_ResNet50_tokyo_xs_L2
Tau_Adaptive: 70
AUC: 0.5537
COV: [0.3746031746031746, 0.3746031746031746, 0.3746031746031746, 0.3746031746031746, 0.3746031746031746, 0.3746031746031746, 0.3746031746031746, 0.3746031746031746, 0.37777777777777777, 0.37777777777777777, 0.38095238095238093, 0.38412698412698415, 0.38412698412698415, 0.38412698412698415, 0.38412698412698415, 0.38412698412698415, 0.3904761904761905, 0.3968253968253968, 0.3968253968253968, 0.4031746031746032, 0.4031746031746032, 0.40634920634920635, 0.40634920634920635, 0.40634920634920635, 0.40634920634920635, 0.4095238095238095, 0.4126984126984127, 0.4222222222222222, 0.42857142857142855, 0.42857142857142855, 0.42857142857142855, 0.42857142857142855, 0.42857142857142855, 0.43174603174603177, 0.43174603174603177, 0.43492063492063493, 0.4444444444444444, 0.4507936507936508, 0.45396825396825397, 0.4603174603174603, 0.4634920634920635, 0.47619047619047616, 0.47619047619047616, 0.47619047619047616, 0.4857142857142857, 0.4857142857142857, 0.49523809523809526, 0.4984126984126984, 0.5079365079365079, 0.5142857142857142, 0.5174603174603175, 0.5238095238095238, 0.5301587301587302, 0.5365079365079365, 0.5396825396825397, 0.5428571428571428, 0.5492063492063493, 0.5523809523809524, 0.5523809523809524, 0.5587301587301587, 0.5587301587301587, 0.5619047619047619, 0.5650793650793651, 0.5714285714285714, 0.580952380952381, 0.5904761904761905, 0.6, 0.6158730158730159, 0.6158730158730159, 0.6253968253968254, 0.6285714285714286, 0.6349206349206349, 0.638095238095238, 0.653968253968254, 0.6634920634920635, 0.6698412698412698, 0.6761904761904762, 0.6857142857142857, 0.6984126984126984, 0.7111111111111111, 0.7111111111111111, 0.726984126984127, 0.726984126984127, 0.7523809523809524, 0.7714285714285715, 0.7873015873015873, 0.8031746031746032, 0.8126984126984127, 0.8222222222222222, 0.8253968253968254, 0.8253968253968254, 0.8571428571428571, 0.8634920634920635, 0.873015873015873, 0.8920634920634921, 0.9111111111111111, 0.9238095238095239, 0.9333333333333333, 0.9396825396825397, 0.9619047619047619, 0.9619047619047619]
SAF: [1.0, 1.0, 1.0, 1.0, 1.0, 1.0, 1.0, 1.0, 1.0, 1.0, 1.0, 1.0, 1.0, 1.0, 1.0, 1.0, 1.0, 1.0, 1.0, 1.0, 1.0, 1.0, 1.0, 1.0, 1.0, 1.0, 1.0, 1.0, 1.0, 1.0, 1.0, 1.0, 1.0, 1.0, 1.0, 1.0, 1.0, 1.0, 1.0, 1.0, 1.0, 1.0, 1.0, 1.0, 1.0, 1.0, 0.9935897435897436, 0.9936305732484076, 0.98125, 0.9814814814814815, 0.9815950920245399, 0.9818181818181818, 0.9820359281437125, 0.9763313609467456, 0.9764705882352941, 0.9766081871345029, 0.976878612716763, 0.9770114942528736, 0.9770114942528736, 0.9772727272727273, 0.9772727272727273, 0.9774011299435028, 0.9775280898876404, 0.9777777777777777, 0.9726775956284153, 0.9623655913978495, 0.9629629629629629, 0.9587628865979382, 0.9587628865979382, 0.9593908629441624, 0.9595959595959596, 0.96, 0.9601990049751243, 0.9563106796116505, 0.9473684210526315, 0.9478672985781991, 0.9436619718309859, 0.9351851851851852, 0.9318181818181818, 0.9241071428571429, 0.9241071428571429, 0.9170305676855895, 0.9170305676855895, 0.919831223628692, 0.9135802469135802, 0.9112903225806451, 0.9090909090909091, 0.91015625, 0.9073359073359073, 0.9076923076923077, 0.9076923076923077, 0.8814814814814815, 0.8823529411764706, 0.88, 0.8825622775800712, 0.8780487804878049, 0.8797250859106529, 0.8809523809523809, 0.8817567567567568, 0.8844884488448845, 0.8844884488448845]
Coverage @ 99% Safety: 49.52%
--------------------------------------------------
--------------------------------------------------
Configurazione: megaloc_Dinov2_tokyo_xs_L2
Tau_Adaptive: 70
AUC: 0.5395
COV: [0.4222222222222222, 0.4222222222222222, 0.4222222222222222, 0.4222222222222222, 0.4222222222222222, 0.4222222222222222, 0.4222222222222222, 0.4222222222222222, 0.4222222222222222, 0.4222222222222222, 0.4222222222222222, 0.4222222222222222, 0.4222222222222222, 0.4222222222222222, 0.4222222222222222, 0.4222222222222222, 0.4253968253968254, 0.4253968253968254, 0.4253968253968254, 0.42857142857142855, 0.42857142857142855, 0.42857142857142855, 0.42857142857142855, 0.42857142857142855, 0.43174603174603177, 0.43174603174603177, 0.43492063492063493, 0.43492063492063493, 0.4380952380952381, 0.44126984126984126, 0.44126984126984126, 0.4444444444444444, 0.4444444444444444, 0.4444444444444444, 0.44761904761904764, 0.4507936507936508, 0.45396825396825397, 0.45396825396825397, 0.4603174603174603, 0.4603174603174603, 0.4634920634920635, 0.4666666666666667, 0.473015873015873, 0.48253968253968255, 0.48253968253968255, 0.4888888888888889, 0.49206349206349204, 0.4984126984126984, 0.5015873015873016, 0.5079365079365079, 0.5111111111111111, 0.5142857142857142, 0.5206349206349207, 0.526984126984127, 0.5333333333333333, 0.5365079365079365, 0.5428571428571428, 0.5492063492063493, 0.5492063492063493, 0.5492063492063493, 0.5492063492063493, 0.5587301587301587, 0.5587301587301587, 0.5650793650793651, 0.5682539682539682, 0.5777777777777777, 0.5841269841269842, 0.6, 0.6, 0.6126984126984127, 0.6126984126984127, 0.6253968253968254, 0.6349206349206349, 0.6507936507936508, 0.653968253968254, 0.6666666666666666, 0.6698412698412698, 0.6857142857142857, 0.6952380952380952, 0.6984126984126984, 0.7015873015873015, 0.7142857142857143, 0.7238095238095238, 0.746031746031746, 0.7587301587301587, 0.7777777777777778, 0.7968253968253968, 0.8126984126984127, 0.8253968253968254, 0.834920634920635, 0.8412698412698413, 0.8539682539682539, 0.8825396825396825, 0.8920634920634921, 0.9079365079365079, 0.9206349206349206, 0.9238095238095239, 0.9396825396825397, 0.9523809523809523, 0.9777777777777777, 0.9777777777777777]
SAF: [1.0, 1.0, 1.0, 1.0, 1.0, 1.0, 1.0, 1.0, 1.0, 1.0, 1.0, 1.0, 1.0, 1.0, 1.0, 1.0, 1.0, 1.0, 1.0, 1.0, 1.0, 1.0, 1.0, 1.0, 1.0, 1.0, 1.0, 1.0, 1.0, 1.0, 1.0, 1.0, 1.0, 1.0, 1.0, 1.0, 1.0, 1.0, 1.0, 1.0, 1.0, 1.0, 1.0, 1.0, 1.0, 1.0, 1.0, 0.9936305732484076, 0.9936708860759493, 0.99375, 0.9937888198757764, 0.9938271604938271, 0.9939024390243902, 0.9879518072289156, 0.9880952380952381, 0.9881656804733728, 0.9883040935672515, 0.9884393063583815, 0.9884393063583815, 0.9884393063583815, 0.9884393063583815, 0.9886363636363636, 0.9886363636363636, 0.9887640449438202, 0.9888268156424581, 0.9835164835164835, 0.9836956521739131, 0.9788359788359788, 0.9788359788359788, 0.9792746113989638, 0.9792746113989638, 0.9746192893401016, 0.975, 0.975609756097561, 0.9757281553398058, 0.9761904761904762, 0.976303317535545, 0.9722222222222222, 0.9726027397260274, 0.9727272727272728, 0.9728506787330317, 0.9644444444444444, 0.9649122807017544, 0.9659574468085106, 0.9665271966527197, 0.963265306122449, 0.9641434262948207, 0.9609375, 0.9576923076923077, 0.9581749049429658, 0.9547169811320755, 0.9479553903345725, 0.9460431654676259, 0.9466192170818505, 0.9440559440559441, 0.9448275862068966, 0.9450171821305842, 0.9459459459459459, 0.9466666666666667, 0.948051948051948, 0.948051948051948]
Coverage @ 99% Safety: 56.83%
--------------------------------------------------
--------------------------------------------------
Configurazione: netvlad_VGG16_tokyo_xs_L2
Tau_Adaptive: 70
AUC: 0.5570
COV: [0.3142857142857143, 0.3142857142857143, 0.3142857142857143, 0.3142857142857143, 0.3142857142857143, 0.3142857142857143, 0.3142857142857143, 0.31746031746031744, 0.31746031746031744, 0.32063492063492066, 0.32063492063492066, 0.32063492063492066, 0.32063492063492066, 0.32063492063492066, 0.326984126984127, 0.33015873015873015, 0.3396825396825397, 0.3396825396825397, 0.34285714285714286, 0.34285714285714286, 0.3492063492063492, 0.3492063492063492, 0.3523809523809524, 0.3523809523809524, 0.35873015873015873, 0.3619047619047619, 0.3619047619047619, 0.36507936507936506, 0.3682539682539683, 0.3682539682539683, 0.37142857142857144, 0.37142857142857144, 0.37777777777777777, 0.37777777777777777, 0.38412698412698415, 0.3904761904761905, 0.3968253968253968, 0.4, 0.4031746031746032, 0.40634920634920635, 0.4095238095238095, 0.4158730158730159, 0.4158730158730159, 0.41904761904761906, 0.4253968253968254, 0.4253968253968254, 0.43174603174603177, 0.4380952380952381, 0.4444444444444444, 0.44761904761904764, 0.44761904761904764, 0.45714285714285713, 0.4634920634920635, 0.473015873015873, 0.47619047619047616, 0.4888888888888889, 0.4984126984126984, 0.5047619047619047, 0.5174603174603175, 0.5174603174603175, 0.5206349206349207, 0.5365079365079365, 0.5428571428571428, 0.5523809523809524, 0.5555555555555556, 0.5714285714285714, 0.5777777777777777, 0.5968253968253968, 0.6063492063492063, 0.6158730158730159, 0.6317460317460317, 0.638095238095238, 0.638095238095238, 0.6507936507936508, 0.6603174603174603, 0.6603174603174603, 0.6761904761904762, 0.6888888888888889, 0.707936507936508, 0.7206349206349206, 0.7238095238095238, 0.7333333333333333, 0.746031746031746, 0.7492063492063492, 0.7746031746031746, 0.7904761904761904, 0.8126984126984127, 0.8222222222222222, 0.834920634920635, 0.8603174603174604, 0.8634920634920635, 0.8920634920634921, 0.9079365079365079, 0.9174603174603174, 0.926984126984127, 0.9396825396825397, 0.9492063492063492, 0.9555555555555556, 0.9555555555555556, 0.9682539682539683, 0.9682539682539683]
SAF: [1.0, 1.0, 1.0, 1.0, 1.0, 1.0, 1.0, 1.0, 1.0, 1.0, 1.0, 1.0, 1.0, 1.0, 1.0, 1.0, 1.0, 1.0, 1.0, 1.0, 1.0, 1.0, 1.0, 1.0, 1.0, 1.0, 1.0, 1.0, 1.0, 1.0, 1.0, 1.0, 1.0, 1.0, 0.9917355371900827, 0.991869918699187, 0.992, 0.9920634920634921, 0.9921259842519685, 0.9921875, 0.9922480620155039, 0.9847328244274809, 0.9847328244274809, 0.9848484848484849, 0.9776119402985075, 0.9776119402985075, 0.9705882352941176, 0.9637681159420289, 0.9642857142857143, 0.9574468085106383, 0.9574468085106383, 0.9513888888888888, 0.952054794520548, 0.9463087248322147, 0.9466666666666667, 0.935064935064935, 0.9235668789808917, 0.9182389937106918, 0.9202453987730062, 0.9202453987730062, 0.9207317073170732, 0.9171597633136095, 0.9181286549707602, 0.9080459770114943, 0.9085714285714286, 0.9, 0.9010989010989011, 0.8776595744680851, 0.8795811518324608, 0.865979381443299, 0.8542713567839196, 0.8507462686567164, 0.8507462686567164, 0.8341463414634146, 0.8269230769230769, 0.8269230769230769, 0.8169014084507042, 0.8110599078341014, 0.8071748878923767, 0.8061674008810573, 0.8070175438596491, 0.8008658008658008, 0.7914893617021277, 0.7923728813559322, 0.7704918032786885, 0.7630522088353414, 0.75390625, 0.749034749034749, 0.7452471482889734, 0.7380073800738007, 0.7352941176470589, 0.7153024911032029, 0.7097902097902098, 0.7058823529411765, 0.7054794520547946, 0.7027027027027027, 0.7023411371237458, 0.7043189368770764, 0.7043189368770764, 0.7081967213114754, 0.7081967213114754]
Coverage @ 99% Safety: 38.41%
--------------------------------------------------
--------------------------------------------------
Configurazione: mixvpr_ResNet50_svox_sun_L2
Tau_Adaptive: 70
AUC: 0.3823
COV: [0.585480093676815, 0.585480093676815, 0.585480093676815, 0.585480093676815, 0.585480093676815, 0.585480093676815, 0.585480093676815, 0.585480093676815, 0.585480093676815, 0.585480093676815, 0.585480093676815, 0.585480093676815, 0.585480093676815, 0.585480093676815, 0.585480093676815, 0.585480093676815, 0.585480093676815, 0.585480093676815, 0.585480093676815, 0.5866510538641686, 0.5889929742388759, 0.5889929742388759, 0.5901639344262295, 0.5913348946135831, 0.5913348946135831, 0.5925058548009368, 0.5936768149882904, 0.5936768149882904, 0.5971896955503513, 0.5995316159250585, 0.6007025761124122, 0.6007025761124122, 0.6018735362997658, 0.6018735362997658, 0.6030444964871194, 0.6030444964871194, 0.6042154566744731, 0.6053864168618267, 0.607728337236534, 0.607728337236534, 0.607728337236534, 0.6088992974238876, 0.6100702576112412, 0.6124121779859485, 0.617096018735363, 0.6194379391100703, 0.6194379391100703, 0.6241217798594848, 0.6241217798594848, 0.629976580796253, 0.6311475409836066, 0.639344262295082, 0.6428571428571429, 0.6487119437939111, 0.6533957845433255, 0.6545667447306791, 0.6569086651053864, 0.6569086651053864, 0.6604215456674473, 0.6662763466042154, 0.6697892271662763, 0.6791569086651054, 0.6861826697892272, 0.6932084309133489, 0.6967213114754098, 0.7037470725995316, 0.711943793911007, 0.7189695550351288, 0.724824355971897, 0.7283372365339579, 0.734192037470726, 0.7388758782201406, 0.7435597189695551, 0.7576112412177985, 0.7599531615925058, 0.765807962529274, 0.7763466042154566, 0.7775175644028103, 0.7822014051522248, 0.7915690866510539, 0.7962529274004684, 0.8044496487119438, 0.8126463700234192, 0.8243559718969555, 0.8337236533957846, 0.8442622950819673, 0.8536299765807962, 0.8594847775175644, 0.870023419203747, 0.8793911007025761, 0.8852459016393442, 0.892271662763466, 0.9074941451990632, 0.9238875878220141, 0.9332552693208431, 0.9449648711943794, 0.9601873536299765, 0.9707259953161592, 0.977751756440281, 0.9824355971896955, 0.9836065573770492]
SAF: [0.994, 0.994, 0.994, 0.994, 0.994, 0.994, 0.994, 0.994, 0.994, 0.994, 0.994, 0.994, 0.994, 0.994, 0.994, 0.994, 0.994, 0.994, 0.994, 0.9940119760479041, 0.9940357852882704, 0.9940357852882704, 0.9940476190476191, 0.994059405940594, 0.994059405940594, 0.9940711462450593, 0.9940828402366864, 0.9940828402366864, 0.9941176470588236, 0.994140625, 0.9941520467836257, 0.9941520467836257, 0.9941634241245136, 0.9941634241245136, 0.9922330097087378, 0.9922330097087378, 0.9922480620155039, 0.9922630560928434, 0.9922928709055877, 0.9922928709055877, 0.9922928709055877, 0.9923076923076923, 0.9923224568138196, 0.9923518164435946, 0.9905123339658444, 0.9905482041587902, 0.9905482041587902, 0.9906191369606003, 0.9906191369606003, 0.9888475836431226, 0.9888682745825603, 0.989010989010989, 0.9890710382513661, 0.9891696750902527, 0.989247311827957, 0.9892665474060823, 0.9893048128342246, 0.9893048128342246, 0.9875886524822695, 0.9876977152899824, 0.9877622377622378, 0.9844827586206897, 0.9812286689419796, 0.9797297297297297, 0.9798319327731092, 0.9800332778702163, 0.9786184210526315, 0.9788273615635179, 0.9773828756058158, 0.9742765273311897, 0.9712918660287081, 0.9698890649762282, 0.968503937007874, 0.9675425038639877, 0.9676425269645609, 0.9678899082568807, 0.9653092006033183, 0.963855421686747, 0.9625748502994012, 0.9585798816568047, 0.9573529411764706, 0.9577874818049491, 0.9567723342939481, 0.9559659090909091, 0.9508426966292135, 0.9486823855755895, 0.9451303155006858, 0.9427792915531336, 0.9421265141318977, 0.9400798934753661, 0.9391534391534392, 0.937007874015748, 0.9354838709677419, 0.9302915082382763, 0.9272271016311167, 0.9219330855018587, 0.9207317073170732, 0.9203860072376358, 0.9209580838323354, 0.9213349225268176, 0.9214285714285714]
Coverage @ 99% Safety: 61.71%
--------------------------------------------------
--------------------------------------------------
Configurazione: cosplace_ResNet50_svox_sun_L2
Tau_Adaptive: 70
AUC: 0.4328
COV: [0.5257611241217799, 0.5257611241217799, 0.5257611241217799, 0.5257611241217799, 0.5257611241217799, 0.5257611241217799, 0.5257611241217799, 0.5257611241217799, 0.5257611241217799, 0.5257611241217799, 0.5257611241217799, 0.5269320843091335, 0.5269320843091335, 0.5269320843091335, 0.5281030444964872, 0.5304449648711944, 0.531615925058548, 0.5327868852459017, 0.5351288056206089, 0.5351288056206089, 0.5374707259953162, 0.5398126463700235, 0.5433255269320844, 0.5468384074941453, 0.5491803278688525, 0.5491803278688525, 0.550351288056206, 0.5515222482435597, 0.5538641686182669, 0.5550351288056206, 0.5620608899297423, 0.5667447306791569, 0.5690866510538641, 0.5702576112412178, 0.5714285714285714, 0.5714285714285714, 0.5749414519906323, 0.5819672131147541, 0.5819672131147541, 0.5866510538641686, 0.5878220140515222, 0.5901639344262295, 0.594847775175644, 0.6007025761124122, 0.6007025761124122, 0.6053864168618267, 0.6088992974238876, 0.6112412177985949, 0.6112412177985949, 0.6159250585480094, 0.6182669789227166, 0.6276346604215457, 0.6288056206088993, 0.6346604215456675, 0.6416861826697893, 0.6463700234192038, 0.6522248243559718, 0.65807962529274, 0.6627634660421545, 0.6697892271662763, 0.6733021077283372, 0.6814988290398126, 0.6838407494145199, 0.6908665105386417, 0.7002341920374707, 0.7072599531615925, 0.7142857142857143, 0.7189695550351288, 0.7224824355971897, 0.724824355971897, 0.7295081967213115, 0.734192037470726, 0.7388758782201406, 0.7505854800936768, 0.7599531615925058, 0.7669789227166276, 0.7716627634660421, 0.775175644028103, 0.7822014051522248, 0.7903981264637002, 0.7962529274004684, 0.8067915690866511, 0.8185011709601874, 0.8302107728337237, 0.8360655737704918, 0.8442622950819673, 0.8512880562060889, 0.8548009367681498, 0.8629976580796253, 0.870023419203747, 0.8817330210772834, 0.8911007025761124, 0.8957845433255269, 0.905152224824356, 0.9156908665105387, 0.9332552693208431, 0.9461358313817331, 0.9637002341920374, 0.9742388758782201, 0.9789227166276346, 0.9789227166276346]
SAF: [0.9821826280623608, 0.9821826280623608, 0.9821826280623608, 0.9821826280623608, 0.9821826280623608, 0.9821826280623608, 0.9821826280623608, 0.9821826280623608, 0.9821826280623608, 0.9821826280623608, 0.9821826280623608, 0.9822222222222222, 0.9822222222222222, 0.9822222222222222, 0.9822616407982262, 0.9823399558498896, 0.9823788546255506, 0.9824175824175824, 0.9824945295404814, 0.9824945295404814, 0.9825708061002179, 0.982646420824295, 0.9827586206896551, 0.9828693790149893, 0.9829424307036247, 0.9829424307036247, 0.9829787234042553, 0.9830148619957537, 0.9830866807610994, 0.9831223628691983, 0.9833333333333333, 0.9834710743801653, 0.9835390946502057, 0.9835728952772074, 0.9836065573770492, 0.9836065573770492, 0.9837067209775967, 0.9839034205231388, 0.9839034205231388, 0.9840319361277445, 0.9840637450199203, 0.9841269841269841, 0.984251968503937, 0.9844054580896686, 0.9844054580896686, 0.9845261121856866, 0.9826923076923076, 0.9827586206896551, 0.9827586206896551, 0.9828897338403042, 0.9829545454545454, 0.9832089552238806, 0.9832402234636871, 0.9833948339483395, 0.9835766423357665, 0.9818840579710145, 0.9802513464991023, 0.9804270462633452, 0.980565371024735, 0.9772727272727273, 0.9773913043478261, 0.9742268041237113, 0.9743150684931506, 0.9728813559322034, 0.9732441471571907, 0.9718543046357616, 0.9721311475409836, 0.9706840390879479, 0.9708265802269044, 0.9693053311793215, 0.9695024077046549, 0.9649122807017544, 0.9635499207606973, 0.9594383775351014, 0.9537750385208013, 0.9541984732824428, 0.9544764795144158, 0.9546827794561934, 0.9520958083832335, 0.9525925925925925, 0.9514705882352941, 0.9477503628447025, 0.9427753934191703, 0.9393511988716502, 0.9355742296918768, 0.9334257975034674, 0.9312242090784044, 0.9315068493150684, 0.932157394843962, 0.9286675639300135, 0.9282868525896414, 0.926412614980289, 0.9254901960784314, 0.9223803363518758, 0.9207161125319693, 0.9146800501882058, 0.9133663366336634, 0.9125151883353585, 0.9110576923076923, 0.9114832535885168, 0.9114832535885168]
Coverage @ 99% Safety: 60.54%
--------------------------------------------------
--------------------------------------------------
Configurazione: megaloc_Dinov2_svox_sun_L2
Tau_Adaptive: 70
AUC: 0.3493
COV: [0.6323185011709602, 0.6323185011709602, 0.6323185011709602, 0.6323185011709602, 0.6323185011709602, 0.6323185011709602, 0.6323185011709602, 0.6323185011709602, 0.6323185011709602, 0.6323185011709602, 0.6323185011709602, 0.6323185011709602, 0.6323185011709602, 0.6323185011709602, 0.6323185011709602, 0.6323185011709602, 0.6323185011709602, 0.6323185011709602, 0.6323185011709602, 0.6323185011709602, 0.6323185011709602, 0.6323185011709602, 0.6323185011709602, 0.6323185011709602, 0.6323185011709602, 0.6323185011709602, 0.6323185011709602, 0.6323185011709602, 0.6334894613583139, 0.6358313817330211, 0.6370023419203747, 0.6381733021077284, 0.6381733021077284, 0.6381733021077284, 0.6405152224824356, 0.6416861826697893, 0.6428571428571429, 0.6475409836065574, 0.6487119437939111, 0.6510538641686182, 0.6510538641686182, 0.6533957845433255, 0.6533957845433255, 0.6557377049180327, 0.6569086651053864, 0.65807962529274, 0.6604215456674473, 0.6639344262295082, 0.6639344262295082, 0.667447306791569, 0.667447306791569, 0.6697892271662763, 0.6697892271662763, 0.6768149882903981, 0.680327868852459, 0.6826697892271663, 0.6850117096018735, 0.6873536299765808, 0.6908665105386417, 0.6967213114754098, 0.6967213114754098, 0.7060889929742389, 0.7107728337236534, 0.7142857142857143, 0.7189695550351288, 0.7224824355971897, 0.7318501170960188, 0.7388758782201406, 0.7423887587822015, 0.7447306791569087, 0.7482435597189696, 0.7540983606557377, 0.7587822014051522, 0.765807962529274, 0.7728337236533958, 0.7786885245901639, 0.7892271662763466, 0.7939110070257611, 0.797423887587822, 0.8067915690866511, 0.810304449648712, 0.8173302107728337, 0.8231850117096019, 0.8313817330210773, 0.8395784543325527, 0.8454332552693209, 0.8548009367681498, 0.8618266978922716, 0.8735362997658079, 0.8805620608899297, 0.8934426229508197, 0.9039812646370023, 0.9121779859484778, 0.9250585480093677, 0.9320843091334895, 0.9461358313817331, 0.9578454332552693, 0.9707259953161592, 0.9824355971896955, 0.9882903981264637, 0.9882903981264637]
SAF: [0.9962962962962963, 0.9962962962962963, 0.9962962962962963, 0.9962962962962963, 0.9962962962962963, 0.9962962962962963, 0.9962962962962963, 0.9962962962962963, 0.9962962962962963, 0.9962962962962963, 0.9962962962962963, 0.9962962962962963, 0.9962962962962963, 0.9962962962962963, 0.9962962962962963, 0.9962962962962963, 0.9962962962962963, 0.9962962962962963, 0.9962962962962963, 0.9962962962962963, 0.9962962962962963, 0.9962962962962963, 0.9962962962962963, 0.9962962962962963, 0.9962962962962963, 0.9962962962962963, 0.9962962962962963, 0.9962962962962963, 0.9963031423290203, 0.996316758747698, 0.9963235294117647, 0.9963302752293578, 0.9963302752293578, 0.9963302752293578, 0.9963436928702011, 0.9945255474452555, 0.994535519125683, 0.9945750452079566, 0.9945848375451264, 0.9946043165467626, 0.9946043165467626, 0.9946236559139785, 0.9946236559139785, 0.9946428571428572, 0.9946524064171123, 0.994661921708185, 0.9946808510638298, 0.9947089947089947, 0.9947089947089947, 0.9947368421052631, 0.9947368421052631, 0.9947552447552448, 0.9947552447552448, 0.9948096885813149, 0.9948364888123924, 0.9948542024013722, 0.9948717948717949, 0.9948892674616695, 0.9949152542372881, 0.9949579831932773, 0.9949579831932773, 0.9950248756218906, 0.9950576606260296, 0.9950819672131147, 0.995114006514658, 0.9951377633711507, 0.9952, 0.993660855784469, 0.9936908517350158, 0.9937106918238994, 0.9937402190923318, 0.9906832298136646, 0.9907407407407407, 0.9908256880733946, 0.990909090909091, 0.9909774436090225, 0.9881305637982196, 0.9852507374631269, 0.9809104258443465, 0.9796806966618288, 0.9797687861271677, 0.9785100286532952, 0.9786628733997155, 0.9788732394366197, 0.9748953974895398, 0.9750692520775623, 0.9726027397260274, 0.9714673913043478, 0.9718498659517426, 0.9707446808510638, 0.9711664482306684, 0.9689119170984456, 0.9679075738125802, 0.9683544303797469, 0.9673366834170855, 0.9653465346534653, 0.9645476772616137, 0.9638118214716526, 0.9630512514898689, 0.9632701421800948, 0.9632701421800948]
Coverage @ 99% Safety: 75.41%
--------------------------------------------------
--------------------------------------------------
Configurazione: netvlad_VGG16_svox_sun_L2
Tau_Adaptive: 70
AUC: 0.5643
COV: [0.2939110070257611, 0.2939110070257611, 0.2939110070257611, 0.2939110070257611, 0.2939110070257611, 0.2939110070257611, 0.29508196721311475, 0.2962529274004684, 0.29859484777517564, 0.30210772833723654, 0.30210772833723654, 0.30562060889929743, 0.3079625292740047, 0.3091334894613583, 0.31381733021077285, 0.319672131147541, 0.32669789227166274, 0.33138173302107726, 0.3407494145199063, 0.3477751756440281, 0.35011709601873536, 0.3583138173302108, 0.36533957845433257, 0.3747072599531616, 0.3747072599531616, 0.3805620608899297, 0.3864168618266979, 0.39344262295081966, 0.3992974238875878, 0.4028103044496487, 0.40866510538641687, 0.41451990632318503, 0.4168618266978923, 0.42271662763466045, 0.42857142857142855, 0.43676814988290397, 0.446135831381733, 0.4519906323185012, 0.45901639344262296, 0.46252927400468385, 0.46604215456674475, 0.468384074941452, 0.47423887587822017, 0.47892271662763464, 0.48360655737704916, 0.48711943793911006, 0.4894613583138173, 0.49414519906323184, 0.49765807962529274, 0.5046838407494145, 0.5081967213114754, 0.5105386416861827, 0.5152224824355972, 0.5234192037470726, 0.5257611241217799, 0.5292740046838408, 0.5374707259953162, 0.5421545667447307, 0.550351288056206, 0.5550351288056206, 0.5608899297423887, 0.5737704918032787, 0.5831381733021077, 0.5889929742388759, 0.5971896955503513, 0.6018735362997658, 0.607728337236534, 0.6159250585480094, 0.6217798594847775, 0.6288056206088993, 0.6440281030444965, 0.6487119437939111, 0.6604215456674473, 0.667447306791569, 0.6744730679156908, 0.6814988290398126, 0.6932084309133489, 0.7096018735362998, 0.7177985948477752, 0.7236533957845434, 0.7295081967213115, 0.7447306791569087, 0.7517564402810304, 0.7622950819672131, 0.775175644028103, 0.7939110070257611, 0.7997658079625293, 0.8079625292740047, 0.8185011709601874, 0.8337236533957846, 0.8489461358313818, 0.8711943793911007, 0.8840749414519906, 0.9004683840749415, 0.9121779859484778, 0.9309133489461359, 0.9414519906323185, 0.9437939110070258, 0.949648711943794, 0.9519906323185011, 0.9543325526932084]
SAF: [0.9840637450199203, 0.9840637450199203, 0.9840637450199203, 0.9840637450199203, 0.9840637450199203, 0.9840637450199203, 0.9841269841269841, 0.9841897233201581, 0.984313725490196, 0.9844961240310077, 0.9844961240310077, 0.9808429118773946, 0.9809885931558935, 0.9810606060606061, 0.9813432835820896, 0.9816849816849816, 0.978494623655914, 0.9787985865724381, 0.979381443298969, 0.9764309764309764, 0.9765886287625418, 0.9771241830065359, 0.9775641025641025, 0.978125, 0.978125, 0.9784615384615385, 0.9787878787878788, 0.9791666666666666, 0.9794721407624634, 0.9796511627906976, 0.9799426934097422, 0.980225988700565, 0.9803370786516854, 0.9806094182825484, 0.9781420765027322, 0.9785522788203753, 0.9763779527559056, 0.9766839378238342, 0.9744897959183674, 0.9746835443037974, 0.9748743718592965, 0.975, 0.9753086419753086, 0.9731051344743277, 0.9709443099273608, 0.9711538461538461, 0.9688995215311005, 0.9644549763033176, 0.96, 0.9559164733178654, 0.956221198156682, 0.9541284403669725, 0.9477272727272728, 0.941834451901566, 0.9398663697104677, 0.9358407079646017, 0.9237472766884531, 0.91792656587473, 0.9106382978723404, 0.9050632911392406, 0.9018789144050104, 0.8938775510204081, 0.891566265060241, 0.8886679920477137, 0.884313725490196, 0.8813229571984436, 0.8805394990366089, 0.8745247148288974, 0.8738229755178908, 0.8696461824953445, 0.8618181818181818, 0.8610108303249098, 0.851063829787234, 0.8421052631578947, 0.8350694444444444, 0.8298969072164949, 0.8192567567567568, 0.8052805280528053, 0.800978792822186, 0.7977346278317152, 0.7945425361155698, 0.779874213836478, 0.7725856697819314, 0.7649769585253456, 0.7598187311178247, 0.7448377581120944, 0.7408491947291361, 0.736231884057971, 0.7296137339055794, 0.7219101123595506, 0.7172413793103448, 0.7043010752688172, 0.695364238410596, 0.6840052015604682, 0.6803594351732991, 0.6729559748427673, 0.6716417910447762, 0.6724565756823822, 0.6744759556103576, 0.6752767527675276, 0.6760736196319018]
Coverage @ 99% Safety: 30.21%
--------------------------------------------------
--------------------------------------------------
Configurazione: mixvpr_ResNet50_svox_night_L2
Tau_Adaptive: 70
AUC: 0.5635
COV: [0.34674063800277394, 0.34674063800277394, 0.34674063800277394, 0.34674063800277394, 0.34674063800277394, 0.34674063800277394, 0.34674063800277394, 0.34674063800277394, 0.34674063800277394, 0.34812760055478503, 0.3509015256588072, 0.3509015256588072, 0.3536754507628294, 0.3550624133148405, 0.361997226074896, 0.3647711511789182, 0.36754507628294036, 0.37170596393897365, 0.37725381414701803, 0.3897364771151179, 0.3925104022191401, 0.39528432732316227, 0.39805825242718446, 0.40360610263522884, 0.4091539528432732, 0.4174757281553398, 0.4174757281553398, 0.42163661581137307, 0.42579750346740636, 0.43134535367545074, 0.43273231622746183, 0.43828016643550627, 0.44105409153952846, 0.44521497919556174, 0.44937586685159503, 0.4549237170596394, 0.4576976421636616, 0.4604715672676838, 0.463245492371706, 0.46601941747572817, 0.46879334257975036, 0.47295423023578365, 0.47295423023578365, 0.47572815533980584, 0.4798890429958391, 0.4826629680998613, 0.4895977808599168, 0.49375866851595007, 0.49791955617198336, 0.49930651872399445, 0.49930651872399445, 0.5048543689320388, 0.507628294036061, 0.5145631067961165, 0.5201109570041609, 0.5284327323162274, 0.536754507628294, 0.5381414701803051, 0.5423023578363384, 0.5478502080443828, 0.5520110957004161, 0.5575589459084604, 0.565880721220527, 0.5714285714285714, 0.5755894590846047, 0.5825242718446602, 0.59500693481276, 0.6033287101248266, 0.608876560332871, 0.6130374479889042, 0.6255201109570042, 0.636615811373093, 0.6463245492371706, 0.6588072122052705, 0.6685159500693482, 0.6712898751733704, 0.6879334257975035, 0.6962552011095701, 0.7156726768377254, 0.7170596393897365, 0.7184466019417476, 0.7350901525658807, 0.753120665742025, 0.7614424410540915, 0.7780859916782247, 0.7947295423023578, 0.8030513176144244, 0.8099861303744799, 0.826629680998613, 0.8377253814147018, 0.8474341192787794, 0.8779472954230236, 0.9015256588072122, 0.912621359223301, 0.9223300970873787, 0.9348127600554785, 0.9459084604715673, 0.9528432732316228, 0.9611650485436893, 0.9639389736477115, 0.9653259361997226]
SAF: [0.988, 0.988, 0.988, 0.988, 0.988, 0.988, 0.988, 0.988, 0.988, 0.9880478087649402, 0.9881422924901185, 0.9881422924901185, 0.9882352941176471, 0.98828125, 0.9885057471264368, 0.9885931558935361, 0.9886792452830189, 0.9888059701492538, 0.9889705882352942, 0.9893238434163701, 0.9893992932862191, 0.9894736842105263, 0.9895470383275261, 0.9896907216494846, 0.9898305084745763, 0.9900332225913622, 0.9900332225913622, 0.9901315789473685, 0.990228013029316, 0.9903536977491961, 0.9903846153846154, 0.990506329113924, 0.9905660377358491, 0.9906542056074766, 0.9907407407407407, 0.9908536585365854, 0.990909090909091, 0.9909638554216867, 0.9910179640718563, 0.9910714285714286, 0.9911242603550295, 0.9912023460410557, 0.9912023460410557, 0.9912536443148688, 0.9884393063583815, 0.9885057471264368, 0.9858356940509915, 0.9831460674157303, 0.9777158774373259, 0.9777777777777777, 0.9777777777777777, 0.9752747252747253, 0.9754098360655737, 0.9757412398921833, 0.976, 0.9711286089238845, 0.9638242894056848, 0.9639175257731959, 0.9641943734015346, 0.9620253164556962, 0.957286432160804, 0.9527363184079602, 0.9509803921568627, 0.9514563106796117, 0.9518072289156626, 0.9452380952380952, 0.9370629370629371, 0.9333333333333333, 0.9316628701594533, 0.9298642533936652, 0.917960088691796, 0.9106753812636166, 0.907725321888412, 0.9010526315789473, 0.8983402489626556, 0.8987603305785123, 0.8911290322580645, 0.8904382470119522, 0.8875968992248062, 0.8858800773694391, 0.8861003861003861, 0.8754716981132076, 0.8692449355432781, 0.8670309653916212, 0.8627450980392157, 0.8568935427574171, 0.8549222797927462, 0.851027397260274, 0.8489932885906041, 0.8460264900662252, 0.8461538461538461, 0.8357030015797788, 0.8276923076923077, 0.8221884498480243, 0.8195488721804511, 0.8189910979228486, 0.8181818181818182, 0.8195050946142649, 0.8210678210678211, 0.8215827338129497, 0.8218390804597702]
Coverage @ 99% Safety: 41.75%
--------------------------------------------------
--------------------------------------------------
Configurazione: cosplace_ResNet50_svox_night_L2
Tau_Adaptive: 70
AUC: 0.5732
COV: [0.2928311057108141, 0.2928311057108141, 0.2928311057108141, 0.2928311057108141, 0.2928311057108141, 0.2928311057108141, 0.2928311057108141, 0.2928311057108141, 0.2928311057108141, 0.2928311057108141, 0.29404617253948967, 0.29647630619684084, 0.29890643985419196, 0.3037667071688943, 0.30741190765492105, 0.3110571081409477, 0.3134872417982989, 0.3159173754556501, 0.3244228432563791, 0.32806804374240583, 0.3292831105710814, 0.3353584447144593, 0.3402187120291616, 0.3450789793438639, 0.34993924665856624, 0.35236938031591736, 0.3560145808019441, 0.35844471445929527, 0.36330498177399756, 0.36330498177399756, 0.36573511543134873, 0.370595382746051, 0.370595382746051, 0.3718104495747266, 0.3730255164034022, 0.3754556500607533, 0.37910085054678005, 0.38517618469015796, 0.38760631834750914, 0.3888213851761847, 0.39003645200486026, 0.393681652490887, 0.3985419198055893, 0.4082624544349939, 0.4106925880923451, 0.4155528554070474, 0.41919805589307413, 0.42284325637910086, 0.425273390036452, 0.42770352369380316, 0.42770352369380316, 0.4374240583232078, 0.43863912515188336, 0.4471445929526124, 0.4507897934386391, 0.4580801944106926, 0.4629404617253949, 0.4665856622114216, 0.4738760631834751, 0.48116646415552855, 0.4823815309842041, 0.4933171324422843, 0.5042527339003645, 0.5066828675577156, 0.5127582017010935, 0.5188335358444714, 0.528554070473876, 0.5382746051032807, 0.5394896719319563, 0.5528554070473876, 0.56865127582017, 0.5735115431348724, 0.5820170109356014, 0.5880923450789793, 0.5990279465370595, 0.6014580801944107, 0.6136087484811664, 0.6330498177399757, 0.6427703523693803, 0.6549210206561361, 0.6585662211421628, 0.6743620899149453, 0.6974483596597812, 0.7144592952612394, 0.7363304981773997, 0.7484811664641555, 0.7594167679222357, 0.7764277035236938, 0.7861482381530984, 0.8055893074119077, 0.8116646415552855, 0.8444714459295262, 0.8675577156743621, 0.8942891859052248, 0.9100850546780073, 0.9246658566221142, 0.9404617253948967, 0.951397326852977, 0.9611178614823815, 0.9647630619684082, 0.9647630619684082]
SAF: [0.995850622406639, 0.995850622406639, 0.995850622406639, 0.995850622406639, 0.995850622406639, 0.995850622406639, 0.995850622406639, 0.995850622406639, 0.995850622406639, 0.995850622406639, 0.9958677685950413, 0.9959016393442623, 0.9959349593495935, 0.996, 0.9960474308300395, 0.99609375, 0.9961240310077519, 0.9961538461538462, 0.9925093632958801, 0.9925925925925926, 0.992619926199262, 0.9927536231884058, 0.9928571428571429, 0.9929577464788732, 0.9930555555555556, 0.993103448275862, 0.9931740614334471, 0.9932203389830508, 0.9933110367892977, 0.9933110367892977, 0.9900332225913622, 0.9901639344262295, 0.9901639344262295, 0.9901960784313726, 0.990228013029316, 0.9902912621359223, 0.9903846153846154, 0.9905362776025236, 0.9905956112852664, 0.990625, 0.9906542056074766, 0.9876543209876543, 0.9847560975609756, 0.9851190476190477, 0.9822485207100592, 0.9824561403508771, 0.9826086956521739, 0.9770114942528736, 0.9771428571428571, 0.9772727272727273, 0.9772727272727273, 0.9666666666666667, 0.96398891966759, 0.9510869565217391, 0.9487870619946092, 0.946949602122016, 0.9396325459317585, 0.9401041666666666, 0.9307692307692308, 0.9267676767676768, 0.924433249370277, 0.916256157635468, 0.9060240963855422, 0.9040767386091128, 0.9004739336492891, 0.8899297423887588, 0.8827586206896552, 0.873589164785553, 0.8738738738738738, 0.8637362637362638, 0.8568376068376068, 0.8538135593220338, 0.8496868475991649, 0.8471074380165289, 0.8397565922920892, 0.8404040404040404, 0.8316831683168316, 0.8214971209213052, 0.8223062381852552, 0.8181818181818182, 0.8191881918819188, 0.8126126126126126, 0.8048780487804879, 0.8061224489795918, 0.7953795379537953, 0.7954545454545454, 0.7872, 0.7824726134585289, 0.7789799072642968, 0.770739064856712, 0.7724550898203593, 0.7568345323741007, 0.7492997198879552, 0.7418478260869565, 0.739652870493992, 0.7371879106438897, 0.7364341085271318, 0.7381864623243933, 0.7408343868520859, 0.7418136020151134, 0.7418136020151134]
Coverage @ 99% Safety: 36.57%
--------------------------------------------------
--------------------------------------------------
Configurazione: megaloc_Dinov2_svox_night_L2
Tau_Adaptive: 70
AUC: 0.5199
COV: [0.4362089914945322, 0.4362089914945322, 0.4362089914945322, 0.4362089914945322, 0.4362089914945322, 0.4362089914945322, 0.4362089914945322, 0.4362089914945322, 0.4362089914945322, 0.4362089914945322, 0.4362089914945322, 0.4362089914945322, 0.4362089914945322, 0.4362089914945322, 0.4362089914945322, 0.4374240583232078, 0.4374240583232078, 0.4374240583232078, 0.43863912515188336, 0.43863912515188336, 0.43863912515188336, 0.43863912515188336, 0.43863912515188336, 0.4398541919805589, 0.4398541919805589, 0.4398541919805589, 0.4422843256379101, 0.44349939246658565, 0.44349939246658565, 0.44471445929526127, 0.4471445929526124, 0.4471445929526124, 0.44835965978128794, 0.44957472660996356, 0.4507897934386391, 0.4520048602673147, 0.4532199270959903, 0.4556500607533414, 0.4580801944106926, 0.4580801944106926, 0.46051032806804376, 0.4617253948967193, 0.4629404617253949, 0.46537059538274606, 0.46537059538274606, 0.4690157958687728, 0.47144592952612396, 0.4726609963547995, 0.4775212636695018, 0.4823815309842041, 0.4823815309842041, 0.48724179829890646, 0.48724179829890646, 0.4945321992709599, 0.5006075334143378, 0.5103280680437424, 0.5176184690157959, 0.5249088699878494, 0.5309842041312273, 0.5370595382746051, 0.5407047387606319, 0.5479951397326853, 0.5528554070473876, 0.5565006075334143, 0.5650060753341434, 0.5698663426488457, 0.5735115431348724, 0.583232077764277, 0.5893074119076549, 0.6002430133657352, 0.6075334143377886, 0.6123936816524909, 0.6233292831105711, 0.6257594167679222, 0.6354799513973268, 0.637910085054678, 0.6500607533414338, 0.6634264884568651, 0.6828675577156743, 0.6889428918590522, 0.6913730255164034, 0.707168894289186, 0.724179829890644, 0.7363304981773997, 0.7521263669501823, 0.7715674362089915, 0.7825030376670717, 0.7934386391251519, 0.81044957472661, 0.8250303766707169, 0.8383961117861483, 0.8699878493317132, 0.8894289185905225, 0.9113001215066828, 0.9234507897934386, 0.93681652490887, 0.9538274605103281, 0.9659781287970839, 0.976913730255164, 0.9817739975698664, 0.9817739975698664]
SAF: [0.9972144846796658, 0.9972144846796658, 0.9972144846796658, 0.9972144846796658, 0.9972144846796658, 0.9972144846796658, 0.9972144846796658, 0.9972144846796658, 0.9972144846796658, 0.9972144846796658, 0.9972144846796658, 0.9972144846796658, 0.9972144846796658, 0.9972144846796658, 0.9972144846796658, 0.9972222222222222, 0.9972222222222222, 0.9972222222222222, 0.997229916897507, 0.997229916897507, 0.997229916897507, 0.997229916897507, 0.997229916897507, 0.9972375690607734, 0.9972375690607734, 0.9972375690607734, 0.9972527472527473, 0.9945205479452055, 0.9945205479452055, 0.994535519125683, 0.9945652173913043, 0.9945652173913043, 0.994579945799458, 0.9945945945945946, 0.9946091644204852, 0.9946236559139785, 0.9946380697050938, 0.9946666666666667, 0.9920424403183024, 0.9920424403183024, 0.9920844327176781, 0.9921052631578947, 0.9921259842519685, 0.9895561357702349, 0.9895561357702349, 0.9896373056994818, 0.9896907216494846, 0.9897172236503856, 0.989821882951654, 0.9899244332493703, 0.9899244332493703, 0.9900249376558603, 0.9900249376558603, 0.9852579852579852, 0.9854368932038835, 0.9809523809523809, 0.9812206572769953, 0.9791666666666666, 0.977116704805492, 0.9773755656108597, 0.9752808988764045, 0.975609756097561, 0.9758241758241758, 0.9737991266375546, 0.9720430107526882, 0.9701492537313433, 0.9703389830508474, 0.9645833333333333, 0.9649484536082474, 0.9655870445344129, 0.966, 0.9642857142857143, 0.9649122807017544, 0.9650485436893204, 0.9636711281070746, 0.9638095238095238, 0.9644859813084112, 0.9633699633699634, 0.9626334519572953, 0.9611992945326279, 0.9595782073813708, 0.9587628865979382, 0.9530201342281879, 0.9537953795379538, 0.9483037156704361, 0.9433070866141732, 0.937888198757764, 0.9372128637059725, 0.9370314842578711, 0.93519882179676, 0.9347826086956522, 0.9245810055865922, 0.9234972677595629, 0.9173333333333333, 0.9171052631578948, 0.9169909208819714, 0.9171974522292994, 0.9169811320754717, 0.9166666666666666, 0.9170792079207921, 0.9170792079207921]
Coverage @ 99% Safety: 48.72%
--------------------------------------------------
--------------------------------------------------
Configurazione: netvlad_VGG16_svox_night_L2
Tau_Adaptive: 70
AUC: 0.4321
COV: [0.06804374240583232, 0.06804374240583232, 0.06804374240583232, 0.06804374240583232, 0.06804374240583232, 0.06804374240583232, 0.06804374240583232, 0.06804374240583232, 0.06804374240583232, 0.0692588092345079, 0.0692588092345079, 0.07290400972053462, 0.07776427703523693, 0.07897934386391252, 0.08019441069258809, 0.08869987849331713, 0.09234507897934387, 0.09842041312272175, 0.10571081409477522, 0.11057108140947752, 0.1117861482381531, 0.11543134872417983, 0.12150668286755771, 0.12393681652490887, 0.13001215066828675, 0.13487241798298907, 0.1385176184690158, 0.14094775212636695, 0.1445929526123937, 0.14823815309842042, 0.15674362089914945, 0.15674362089914945, 0.16038882138517618, 0.16281895504252733, 0.1652490886998785, 0.16889428918590524, 0.17132442284325639, 0.17253948967193194, 0.17375455650060753, 0.17739975698663427, 0.1798298906439854, 0.18347509113001215, 0.1859052247873633, 0.18712029161603888, 0.18833535844471447, 0.19319562575941676, 0.19562575941676794, 0.19805589307411908, 0.20170109356014582, 0.2077764277035237, 0.21020656136087484, 0.2187120291616039, 0.22235722964763063, 0.2345078979343864, 0.23815309842041313, 0.24301336573511542, 0.2503037667071689, 0.25637910085054677, 0.26974483596597815, 0.2770352369380316, 0.28311057108140947, 0.29526123936816523, 0.31227217496962334, 0.31713244228432563, 0.32806804374240583, 0.34264884568651277, 0.34750911300121506, 0.3645200486026732, 0.3669501822600243, 0.3863912515188335, 0.40097205346294046, 0.4106925880923451, 0.41798298906439857, 0.4349939246658566, 0.45929526123936815, 0.45929526123936815, 0.479951397326853, 0.5091130012150669, 0.5224787363304981, 0.5394896719319563, 0.5419198055893074, 0.5650060753341434, 0.5880923450789793, 0.6002430133657352, 0.6221142162818954, 0.6427703523693803, 0.6731470230862697, 0.6828675577156743, 0.701093560145808, 0.7339003645200486, 0.7399756986634265, 0.7739975698663426, 0.8116646415552855, 0.8408262454434994, 0.8687727825030377, 0.8979343863912516, 0.905224787363305, 0.9076549210206561, 0.9076549210206561, 0.9100850546780073, 0.9100850546780073]
SAF: [0.9821428571428571, 0.9821428571428571, 0.9821428571428571, 0.9821428571428571, 0.9821428571428571, 0.9821428571428571, 0.9821428571428571, 0.9821428571428571, 0.9821428571428571, 0.9824561403508771, 0.9824561403508771, 0.9833333333333333, 0.953125, 0.9538461538461539, 0.9545454545454546, 0.958904109589041, 0.9605263157894737, 0.9506172839506173, 0.9540229885057471, 0.9560439560439561, 0.9565217391304348, 0.9473684210526315, 0.94, 0.9411764705882353, 0.9439252336448598, 0.9459459459459459, 0.9385964912280702, 0.9396551724137931, 0.9327731092436975, 0.9344262295081968, 0.9302325581395349, 0.9302325581395349, 0.9242424242424242, 0.9253731343283582, 0.9191176470588235, 0.920863309352518, 0.9148936170212766, 0.9154929577464789, 0.916083916083916, 0.9041095890410958, 0.8986486486486487, 0.8807947019867549, 0.8823529411764706, 0.8766233766233766, 0.8774193548387097, 0.8679245283018868, 0.8571428571428571, 0.8588957055214724, 0.8554216867469879, 0.8362573099415205, 0.838150289017341, 0.8111111111111111, 0.8142076502732241, 0.7823834196891192, 0.7704081632653061, 0.76, 0.7378640776699029, 0.7251184834123223, 0.6981981981981982, 0.6842105263157895, 0.6738197424892703, 0.6502057613168725, 0.6147859922178989, 0.6053639846743295, 0.5925925925925926, 0.5673758865248227, 0.5629370629370629, 0.54, 0.5397350993377483, 0.5188679245283019, 0.503030303030303, 0.4940828402366864, 0.48546511627906974, 0.4720670391061452, 0.4470899470899471, 0.4470899470899471, 0.4278481012658228, 0.4081145584725537, 0.40232558139534885, 0.38963963963963966, 0.3901345291479821, 0.3763440860215054, 0.3615702479338843, 0.3562753036437247, 0.34765625, 0.3383742911153119, 0.3249097472924188, 0.3202846975088968, 0.31369150779896016, 0.3079470198675497, 0.3054187192118227, 0.29513343799058084, 0.2844311377245509, 0.2774566473988439, 0.27132867132867133, 0.2652232746955345, 0.26711409395973157, 0.26907630522088355, 0.26907630522088355, 0.27102803738317754, 0.27102803738317754]
Coverage @ 99% Safety: 7.29%
--------------------------------------------------
--------------------------------------------------
Configurazione: mixvpr_ResNet50_sf_xs_L2
Tau_Adaptive: 70
AUC: 0.4306
COV: [0.5, 0.5, 0.5, 0.5, 0.5, 0.501, 0.501, 0.501, 0.501, 0.503, 0.505, 0.506, 0.506, 0.508, 0.509, 0.514, 0.516, 0.521, 0.524, 0.525, 0.528, 0.532, 0.536, 0.537, 0.539, 0.54, 0.544, 0.545, 0.548, 0.55, 0.552, 0.555, 0.557, 0.559, 0.559, 0.563, 0.566, 0.569, 0.571, 0.572, 0.573, 0.577, 0.578, 0.58, 0.58, 0.582, 0.584, 0.586, 0.587, 0.59, 0.591, 0.593, 0.594, 0.598, 0.599, 0.6, 0.606, 0.612, 0.617, 0.62, 0.624, 0.632, 0.637, 0.642, 0.646, 0.656, 0.662, 0.672, 0.673, 0.681, 0.684, 0.691, 0.699, 0.706, 0.714, 0.721, 0.73, 0.737, 0.744, 0.749, 0.754, 0.767, 0.777, 0.792, 0.798, 0.808, 0.818, 0.831, 0.836, 0.852, 0.862, 0.875, 0.894, 0.91, 0.926, 0.943, 0.951, 0.955, 0.96, 0.974, 0.975]
SAF: [0.994, 0.994, 0.994, 0.994, 0.994, 0.9940119760479041, 0.9940119760479041, 0.9940119760479041, 0.9940119760479041, 0.9940357852882704, 0.994059405940594, 0.9940711462450593, 0.9940711462450593, 0.9940944881889764, 0.9941060903732809, 0.9941634241245136, 0.9941860465116279, 0.9942418426103646, 0.9942748091603053, 0.9942857142857143, 0.9943181818181818, 0.9943609022556391, 0.9944029850746269, 0.994413407821229, 0.9944341372912802, 0.9944444444444445, 0.9944852941176471, 0.9944954128440368, 0.9945255474452555, 0.9927272727272727, 0.9927536231884058, 0.990990990990991, 0.9910233393177738, 0.9910554561717353, 0.9910554561717353, 0.9893428063943162, 0.9893992932862191, 0.9894551845342706, 0.989492119089317, 0.9895104895104895, 0.9895287958115183, 0.9878682842287695, 0.9878892733564014, 0.9879310344827587, 0.9879310344827587, 0.9845360824742269, 0.9811643835616438, 0.9812286689419796, 0.9812606473594548, 0.9779661016949153, 0.9780033840947546, 0.9780775716694773, 0.9781144781144782, 0.9765886287625418, 0.9766277128547579, 0.9766666666666667, 0.9752475247524752, 0.9705882352941176, 0.9692058346839546, 0.9693548387096774, 0.9663461538461539, 0.9604430379746836, 0.9560439560439561, 0.9532710280373832, 0.9504643962848297, 0.9420731707317073, 0.9410876132930514, 0.9330357142857143, 0.9331352154531947, 0.9280469897209985, 0.9269005847953217, 0.9261939218523878, 0.9184549356223176, 0.9107648725212465, 0.9089635854341737, 0.9056865464632455, 0.9041095890410958, 0.9023066485753053, 0.9018817204301075, 0.897196261682243, 0.8978779840848806, 0.8917861799217731, 0.8867438867438867, 0.8813131313131313, 0.8771929824561403, 0.8725247524752475, 0.863080684596577, 0.8592057761732852, 0.8564593301435407, 0.8497652582159625, 0.8468677494199536, 0.8434285714285714, 0.8355704697986577, 0.8307692307692308, 0.8272138228941684, 0.8207847295864263, 0.8191377497371188, 0.818848167539267, 0.81875, 0.8203285420944558, 0.8205128205128205]
Coverage @ 99% Safety: 57.30%
--------------------------------------------------
--------------------------------------------------
Configurazione: cosplace_ResNet50_sf_xs_L2
Tau_Adaptive: 70
AUC: 0.4504
COV: [0.48, 0.48, 0.48, 0.48, 0.48, 0.48, 0.481, 0.481, 0.482, 0.482, 0.484, 0.485, 0.486, 0.486, 0.488, 0.49, 0.491, 0.491, 0.492, 0.492, 0.494, 0.494, 0.497, 0.499, 0.499, 0.499, 0.502, 0.504, 0.507, 0.508, 0.508, 0.511, 0.513, 0.517, 0.521, 0.523, 0.525, 0.526, 0.526, 0.526, 0.527, 0.532, 0.534, 0.535, 0.54, 0.543, 0.545, 0.547, 0.549, 0.557, 0.558, 0.562, 0.564, 0.568, 0.57, 0.573, 0.576, 0.578, 0.585, 0.591, 0.596, 0.602, 0.61, 0.622, 0.628, 0.634, 0.639, 0.648, 0.65, 0.656, 0.663, 0.673, 0.682, 0.69, 0.702, 0.707, 0.718, 0.729, 0.735, 0.743, 0.748, 0.761, 0.772, 0.787, 0.797, 0.813, 0.826, 0.844, 0.848, 0.851, 0.86, 0.875, 0.893, 0.909, 0.917, 0.935, 0.943, 0.952, 0.962, 0.976, 0.976]
SAF: [0.9916666666666667, 0.9916666666666667, 0.9916666666666667, 0.9916666666666667, 0.9916666666666667, 0.9916666666666667, 0.9916839916839917, 0.9916839916839917, 0.991701244813278, 0.991701244813278, 0.9917355371900827, 0.9917525773195877, 0.9917695473251029, 0.9917695473251029, 0.9918032786885246, 0.9918367346938776, 0.9918533604887984, 0.9918533604887984, 0.991869918699187, 0.991869918699187, 0.9919028340080972, 0.9919028340080972, 0.9919517102615694, 0.9919839679358717, 0.9919839679358717, 0.9919839679358717, 0.9920318725099602, 0.9920634920634921, 0.9921104536489151, 0.9921259842519685, 0.9921259842519685, 0.9921722113502935, 0.9922027290448343, 0.9922630560928434, 0.9923224568138196, 0.9923518164435946, 0.9923809523809524, 0.9923954372623575, 0.9923954372623575, 0.9923954372623575, 0.9924098671726755, 0.9906015037593985, 0.9887640449438202, 0.9887850467289719, 0.987037037037037, 0.9852670349907919, 0.9853211009174312, 0.9853747714808044, 0.9836065573770492, 0.9802513464991023, 0.978494623655914, 0.9786476868327402, 0.9787234042553191, 0.977112676056338, 0.9771929824561404, 0.9773123909249564, 0.9774305555555556, 0.9757785467128027, 0.9726495726495726, 0.9678510998307953, 0.9681208053691275, 0.9617940199335548, 0.9590163934426229, 0.9485530546623794, 0.945859872611465, 0.9416403785488959, 0.9420970266040689, 0.9320987654320988, 0.9323076923076923, 0.9314024390243902, 0.9260935143288085, 0.924219910846954, 0.9208211143695014, 0.9159420289855073, 0.9145299145299145, 0.9123055162659123, 0.9052924791086351, 0.9012345679012346, 0.8993197278911564, 0.8936742934051144, 0.8943850267379679, 0.8896189224704336, 0.883419689119171, 0.8792884371029225, 0.8745294855708908, 0.8671586715867159, 0.8631961259079903, 0.8578199052132701, 0.8549528301886793, 0.8554641598119859, 0.8534883720930233, 0.8491428571428571, 0.8477043673012318, 0.8426842684268426, 0.8407851690294439, 0.8352941176470589, 0.8366914103923648, 0.8371848739495799, 0.8357588357588358, 0.8370901639344263, 0.8370901639344263]
Coverage @ 99% Safety: 53.20%
--------------------------------------------------
--------------------------------------------------
Configurazione: megaloc_Dinov2_sf_xs_L2
Tau_Adaptive: 70
AUC: 0.3914
COV: [0.56, 0.56, 0.56, 0.56, 0.56, 0.56, 0.56, 0.56, 0.56, 0.56, 0.56, 0.56, 0.56, 0.561, 0.561, 0.561, 0.561, 0.564, 0.565, 0.566, 0.566, 0.567, 0.567, 0.568, 0.569, 0.569, 0.57, 0.572, 0.575, 0.575, 0.577, 0.577, 0.578, 0.578, 0.579, 0.579, 0.582, 0.584, 0.586, 0.588, 0.59, 0.592, 0.593, 0.595, 0.598, 0.601, 0.601, 0.603, 0.608, 0.61, 0.611, 0.613, 0.615, 0.616, 0.619, 0.621, 0.627, 0.63, 0.636, 0.639, 0.643, 0.65, 0.656, 0.662, 0.665, 0.672, 0.678, 0.683, 0.688, 0.691, 0.699, 0.706, 0.712, 0.719, 0.732, 0.737, 0.743, 0.754, 0.763, 0.768, 0.77, 0.785, 0.789, 0.802, 0.81, 0.82, 0.832, 0.845, 0.853, 0.863, 0.873, 0.887, 0.9, 0.917, 0.93, 0.943, 0.95, 0.962, 0.967, 0.977, 0.978]
SAF: [0.9946428571428572, 0.9946428571428572, 0.9946428571428572, 0.9946428571428572, 0.9946428571428572, 0.9946428571428572, 0.9946428571428572, 0.9946428571428572, 0.9946428571428572, 0.9946428571428572, 0.9946428571428572, 0.9946428571428572, 0.9946428571428572, 0.9946524064171123, 0.9946524064171123, 0.9946524064171123, 0.9946524064171123, 0.9946808510638298, 0.9946902654867257, 0.9946996466431095, 0.9946996466431095, 0.9947089947089947, 0.9947089947089947, 0.9947183098591549, 0.9929701230228472, 0.9929701230228472, 0.9929824561403509, 0.993006993006993, 0.9930434782608696, 0.9930434782608696, 0.9930675909878682, 0.9930675909878682, 0.9930795847750865, 0.9930795847750865, 0.9930915371329879, 0.9930915371329879, 0.993127147766323, 0.9931506849315068, 0.9931740614334471, 0.9914965986394558, 0.9915254237288136, 0.9915540540540541, 0.9915682967959528, 0.9915966386554622, 0.9899665551839465, 0.9900166389351082, 0.9900166389351082, 0.9900497512437811, 0.9901315789473685, 0.9901639344262295, 0.9901800327332242, 0.9902120717781403, 0.9886178861788618, 0.9886363636363636, 0.9870759289176091, 0.9871175523349437, 0.9872408293460925, 0.9857142857142858, 0.9858490566037735, 0.9859154929577465, 0.9860031104199067, 0.98, 0.9771341463414634, 0.9773413897280967, 0.9759398496240601, 0.9717261904761905, 0.9705014749262537, 0.9648609077598829, 0.9651162790697675, 0.9638205499276411, 0.9570815450643777, 0.9575070821529745, 0.9564606741573034, 0.952712100139082, 0.9494535519125683, 0.9470827679782904, 0.9448183041722745, 0.9403183023872679, 0.9384010484927916, 0.9361979166666666, 0.9363636363636364, 0.9299363057324841, 0.9302915082382763, 0.9239401496259352, 0.9209876543209876, 0.9158536585365854, 0.9098557692307693, 0.906508875739645, 0.9038686987104337, 0.9003476245654692, 0.9003436426116839, 0.8962795941375423, 0.8922222222222222, 0.8844056706652127, 0.8838709677419355, 0.8812301166489925, 0.8810526315789474, 0.8814968814968815, 0.8821096173733195, 0.8822927328556807, 0.8824130879345603]
Coverage @ 99% Safety: 60.10%
--------------------------------------------------
--------------------------------------------------
Configurazione: netvlad_VGG16_sf_xs_L2
Tau_Adaptive: 70
AUC: 0.5341
COV: [0.293, 0.293, 0.293, 0.293, 0.293, 0.293, 0.293, 0.295, 0.3, 0.301, 0.304, 0.308, 0.311, 0.315, 0.317, 0.322, 0.326, 0.328, 0.331, 0.333, 0.337, 0.341, 0.344, 0.348, 0.351, 0.353, 0.359, 0.361, 0.363, 0.365, 0.367, 0.372, 0.38, 0.382, 0.383, 0.385, 0.387, 0.389, 0.391, 0.396, 0.399, 0.403, 0.405, 0.408, 0.409, 0.414, 0.417, 0.42, 0.43, 0.436, 0.437, 0.449, 0.449, 0.459, 0.467, 0.474, 0.48, 0.482, 0.49, 0.495, 0.501, 0.505, 0.513, 0.519, 0.525, 0.532, 0.543, 0.551, 0.554, 0.564, 0.574, 0.584, 0.588, 0.602, 0.615, 0.619, 0.63, 0.646, 0.654, 0.668, 0.672, 0.687, 0.701, 0.707, 0.719, 0.734, 0.754, 0.771, 0.785, 0.803, 0.811, 0.841, 0.863, 0.891, 0.91, 0.922, 0.93, 0.935, 0.943, 0.949, 0.952]
SAF: [1.0, 1.0, 1.0, 1.0, 1.0, 1.0, 1.0, 1.0, 1.0, 1.0, 1.0, 1.0, 1.0, 1.0, 1.0, 1.0, 1.0, 1.0, 1.0, 1.0, 1.0, 0.9941348973607038, 0.9941860465116279, 0.9942528735632183, 0.9943019943019943, 0.9943342776203966, 0.9944289693593314, 0.9944598337950139, 0.9944903581267218, 0.9945205479452055, 0.9918256130790191, 0.9919354838709677, 0.9868421052631579, 0.9869109947643979, 0.9843342036553525, 0.9844155844155844, 0.9819121447028424, 0.9794344473007712, 0.979539641943734, 0.9772727272727273, 0.974937343358396, 0.9702233250620348, 0.9703703703703703, 0.9656862745098039, 0.9657701711491442, 0.9637681159420289, 0.9640287769784173, 0.9642857142857143, 0.9488372093023256, 0.9472477064220184, 0.9473684210526315, 0.9398663697104677, 0.9398663697104677, 0.9259259259259259, 0.9207708779443254, 0.9156118143459916, 0.9083333333333333, 0.9045643153526971, 0.8979591836734694, 0.8929292929292929, 0.8882235528942116, 0.8851485148514852, 0.8791423001949318, 0.8747591522157996, 0.8666666666666667, 0.8571428571428571, 0.850828729281768, 0.8402903811252269, 0.8375451263537906, 0.8333333333333334, 0.8275261324041812, 0.8202054794520548, 0.8197278911564626, 0.8122923588039868, 0.8016260162601626, 0.8012924071082391, 0.7952380952380952, 0.781733746130031, 0.7767584097859327, 0.7634730538922155, 0.7633928571428571, 0.7510917030567685, 0.7417974322396577, 0.7383309759547383, 0.7287899860917941, 0.717983651226158, 0.7055702917771883, 0.695201037613489, 0.6917197452229299, 0.684931506849315, 0.6843403205918619, 0.6741973840665874, 0.6674391657010429, 0.654320987654321, 0.6494505494505495, 0.6464208242950108, 0.6483870967741936, 0.6470588235294118, 0.6489925768822906, 0.6512118018967334, 0.6523109243697479]
Coverage @ 99% Safety: 36.70%
--------------------------------------------------
